time: 0.214677
error: 0.000000
