time: 0.091959
error: 0.000000
