time: 0.056615
error: 0.000000
