time: 0.068115
error: 0.000000
