time: 0.177410
error: 0.000000
