time: 0.047205
error: 0.000000
