time: 0.044410
error: 0.000000
