time: 0.101147
error: 0.000000
