time: 0.153587
error: 0.000000
