time: 0.166818
error: 0.000000
