time: 5.130257
error: 0.000000
