time: 5.894490
error: 0.000000
