time: 0.886756
error: 0.000000
