time: 0.361161
error: 0.000000
