time: 1.233952
error: 0.000000
