time: 0.258868
error: 0.000000
