time: 2.619122
error: 0.000000
