time: 5.620553
error: 0.000000
