time: 1.980961
error: 0.000000
