time: 8.246866
error: 0.000000
