time: 0.001342
error: 0.000000
