time: 0.001548
error: 0.000000
