time: 0.001768
error: 0.000000
