time: 0.001309
error: 0.000000
