time: 0.002500
error: 0.000000
