time: 0.001279
error: 0.000000
