time: 0.002576
error: 0.000000
