time: 0.002739
error: 0.000000
