time: 0.002162
error: 0.000000
