time: 0.001515
error: 0.000000
