time: 0.001268
error: 0.000000
