time: 0.002226
error: 0.000000
