time: 0.002018
error: 0.000000
