time: 0.001424
error: 0.000000
