time: 0.002693
error: 0.000000
