time: 0.002728
error: 0.000000
