time: 0.001374
error: 0.000000
