time: 0.001559
error: 0.000000
