time: 0.001698
error: 0.000000
