time: 0.002035
error: 0.000000
