time: 0.002553
error: 0.000000
