time: 0.001419
error: 0.000000
