time: 0.001551
error: 0.000000
