time: 0.001962
error: 0.000000
