time: 0.002381
error: 0.000000
