time: 0.002166
error: 0.000000
