time: 0.002077
error: 0.000000
