time: 0.001718
error: 0.000000
