time: 0.001932
error: 0.000000
