time: 0.002213
error: 0.000000
