time: 0.001224
error: 0.000000
