time: 0.002231
error: 0.000000
