time: 0.001901
error: 0.000000
