time: 0.002217
error: 0.000000
