time: 0.002043
error: 0.000000
