time: 0.002209
error: 0.000000
