time: 0.002341
error: 0.000000
