time: 0.001469
error: 0.000000
