time: 0.005935
error: 0.000000
