time: 0.006515
error: 0.000000
