time: 0.007093
error: 0.000000
