time: 0.005763
error: 0.000000
