time: 0.007647
error: 0.000000
