time: 0.007124
error: 0.000000
