time: 0.008795
error: 0.000000
