time: 0.007814
error: 0.000000
