time: 0.006079
error: 0.000000
