time: 0.007416
error: 0.000000
