time: 0.007087
error: 0.000000
