time: 0.005851
error: 0.000000
