time: 0.006652
error: 0.000000
