time: 0.008076
error: 0.000000
