time: 0.005771
error: 0.000000
