time: 0.008445
error: 0.000000
