time: 0.005857
error: 0.000000
