time: 0.008241
error: 0.000000
