time: 0.009013
error: 0.000000
