time: 0.009785
error: 0.000000
