time: 0.507040
error: 0.000000
