time: 0.095200
error: 0.000000
