time: 0.346395
error: 0.000000
