time: 0.074400
error: 0.000000
