time: 0.101894
error: 0.000000
