time: 0.434549
error: 0.000000
