time: 0.255585
error: 0.000000
