time: 0.516551
error: 0.000000
