time: 0.235647
error: 0.000000
