time: 0.047577
error: 0.000000
