time: 0.004110
error: 0.000000
