time: 0.001954
error: 0.000000
