time: 0.004120
error: 0.000000
