time: 0.002602
error: 0.000000
