time: 0.002106
error: 0.000000
