time: 0.001991
error: 0.000000
