time: 0.005998
error: 0.000000
