time: 0.004546
error: 0.000000
