time: 0.008135
error: 0.000000
