time: 0.002185
error: 0.000000
