time: 0.007607
error: 0.000000
