time: 0.001902
error: 0.000000
