time: 0.010969
error: 0.000000
