time: 0.005591
error: 0.000000
