time: 0.010853
error: 0.000000
