time: 0.010087
error: 0.000000
