time: 0.007324
error: 0.000000
