time: 0.002393
error: 0.000000
