time: 0.004484
error: 0.000000
