time: 0.002250
error: 0.000000
