time: 0.002295
error: 0.000000
