time: 0.009425
error: 0.000000
