time: 0.004978
error: 0.000000
