time: 0.002001
error: 0.000000
