time: 0.008910
error: 0.000000
