time: 0.004627
error: 0.000000
