time: 0.003905
error: 0.000000
