time: 0.009073
error: 0.000000
