time: 0.005587
error: 0.000000
