time: 0.005334
error: 0.000000
