time: 0.005363
error: 0.000000
