time: 0.007331
error: 0.000000
