time: 0.007175
error: 0.000000
