time: 0.004190
error: 0.000000
