time: 0.004591
error: 0.000000
