time: 0.002134
error: 0.000000
