time: 0.007048
error: 0.000000
