time: 0.007699
error: 0.000000
