time: 0.002159
error: 0.000000
