time: 0.002642
error: 0.000000
